{
 "cells": [
  {
   "cell_type": "code",
   "execution_count": 1,
   "metadata": {},
   "outputs": [],
   "source": [
    "import numpy as np\n",
    "import pandas as pd"
   ]
  },
  {
   "cell_type": "code",
   "execution_count": 2,
   "metadata": {},
   "outputs": [],
   "source": [
    "input_movies = [1,2,5859,318,9315,7756,569,13345,3977,4896,1721,1722,8131,3409,3445,21345,19872]\n",
    "movies = pd.read_csv('movies.csv')\n",
    "movies.set_index('movieId',inplace=True)"
   ]
  },
  {
   "cell_type": "code",
   "execution_count": 3,
   "metadata": {},
   "outputs": [
    {
     "name": "stdout",
     "output_type": "stream",
     "text": [
      "1    Toy Story (1995)\n",
      "2    Jumanji (1995)\n",
      "5859    Southern Comfort (1981)\n",
      "318    Shawshank Redemption, The (1994)\n",
      "7756    Alexander Nevsky (Aleksandr Nevskiy) (1938)\n",
      "569    Little Big League (1994)\n",
      "3977    Charlie's Angels (2000)\n",
      "4896    Harry Potter and the Sorcerer's Stone (a.k.a. Harry Potter and the Philosopher's Stone) (2001)\n",
      "1721    Titanic (1997)\n",
      "1722    Tomorrow Never Dies (1997)\n",
      "8131    Pursuit of Happiness (2001)\n",
      "3409    Final Destination (2000)\n",
      "3445    Eyes of Laura Mars (1978)\n"
     ]
    }
   ],
   "source": [
    "for val in input_movies:\n",
    "    try:\n",
    "        print(str(val) + '    ' + str(movies.loc[val]['title'])) \n",
    "    except:\n",
    "        pass"
   ]
  },
  {
   "cell_type": "code",
   "execution_count": 4,
   "metadata": {},
   "outputs": [
    {
     "name": "stdout",
     "output_type": "stream",
     "text": [
      "enter movie id : 233\n",
      "Your entered movie is:\n",
      "Exotica (1994)     Drama\n"
     ]
    }
   ],
   "source": [
    "input_movie_Id = int(input('enter movie id : '))\n",
    "print('Your entered movie is:')\n",
    "print(movies.loc[input_movie_Id]['title'] + '     ' + movies.loc[input_movie_Id]['genres'])"
   ]
  },
  {
   "cell_type": "code",
   "execution_count": 5,
   "metadata": {},
   "outputs": [],
   "source": [
    "my_df = pd.read_csv('merge_pivot.csv')\n",
    "my_df.set_index('movieId',inplace = True)\n",
    "my_input = my_df.loc[input_movie_Id]\n",
    "\n",
    "# print(my_input)\n",
    "\n",
    "computation = (((my_df - my_input)**2).sum(axis = 1)).sort_values(ascending = True)"
   ]
  },
  {
   "cell_type": "code",
   "execution_count": 28,
   "metadata": {},
   "outputs": [
    {
     "data": {
      "text/plain": [
       "movieId\n",
       "233      0.000000\n",
       "8959    11.126193\n",
       "3795    11.407366\n",
       "6641    11.576635\n",
       "7442    11.752764\n",
       "dtype: float64"
      ]
     },
     "execution_count": 28,
     "metadata": {},
     "output_type": "execute_result"
    }
   ],
   "source": [
    "#this list gives top matching values on the basis of distances\n",
    "computation = computation[:20]\n",
    "computation.head()"
   ]
  },
  {
   "cell_type": "code",
   "execution_count": 29,
   "metadata": {},
   "outputs": [
    {
     "data": {
      "text/html": [
       "<div>\n",
       "<style scoped>\n",
       "    .dataframe tbody tr th:only-of-type {\n",
       "        vertical-align: middle;\n",
       "    }\n",
       "\n",
       "    .dataframe tbody tr th {\n",
       "        vertical-align: top;\n",
       "    }\n",
       "\n",
       "    .dataframe thead th {\n",
       "        text-align: right;\n",
       "    }\n",
       "</style>\n",
       "<table border=\"1\" class=\"dataframe\">\n",
       "  <thead>\n",
       "    <tr style=\"text-align: right;\">\n",
       "      <th></th>\n",
       "      <th>rating</th>\n",
       "      <th>timestamp</th>\n",
       "    </tr>\n",
       "    <tr>\n",
       "      <th>movieId</th>\n",
       "      <th></th>\n",
       "      <th></th>\n",
       "    </tr>\n",
       "  </thead>\n",
       "  <tbody>\n",
       "    <tr>\n",
       "      <th>1</th>\n",
       "      <td>3.921240</td>\n",
       "      <td>1.052654e+09</td>\n",
       "    </tr>\n",
       "    <tr>\n",
       "      <th>2</th>\n",
       "      <td>3.211977</td>\n",
       "      <td>1.037616e+09</td>\n",
       "    </tr>\n",
       "    <tr>\n",
       "      <th>3</th>\n",
       "      <td>3.151040</td>\n",
       "      <td>9.596480e+08</td>\n",
       "    </tr>\n",
       "    <tr>\n",
       "      <th>4</th>\n",
       "      <td>2.861393</td>\n",
       "      <td>9.242144e+08</td>\n",
       "    </tr>\n",
       "    <tr>\n",
       "      <th>5</th>\n",
       "      <td>3.064592</td>\n",
       "      <td>9.620161e+08</td>\n",
       "    </tr>\n",
       "  </tbody>\n",
       "</table>\n",
       "</div>"
      ],
      "text/plain": [
       "           rating     timestamp\n",
       "movieId                        \n",
       "1        3.921240  1.052654e+09\n",
       "2        3.211977  1.037616e+09\n",
       "3        3.151040  9.596480e+08\n",
       "4        2.861393  9.242144e+08\n",
       "5        3.064592  9.620161e+08"
      ]
     },
     "execution_count": 29,
     "metadata": {},
     "output_type": "execute_result"
    }
   ],
   "source": [
    "#now we need to add more filters to give more precise results on the basis of \n",
    "#1. Rating\n",
    "#2. Timestamp (how never the video is)\n",
    "\n",
    "#making a dataframe of shortlisted videos(top 20 videos)\n",
    "ratings = pd.read_csv('ratings.csv')\n",
    "ratings = ratings.groupby('movieId').mean()\n",
    "ratings.drop('userId',axis = 1,inplace = True)\n",
    "ratings.head()"
   ]
  },
  {
   "cell_type": "code",
   "execution_count": 30,
   "metadata": {},
   "outputs": [],
   "source": [
    "comp_df = computation.to_frame()"
   ]
  },
  {
   "cell_type": "code",
   "execution_count": 37,
   "metadata": {},
   "outputs": [],
   "source": [
    "final_merge = pd.merge(comp_df,ratings,on = 'movieId')"
   ]
  },
  {
   "cell_type": "code",
   "execution_count": 38,
   "metadata": {},
   "outputs": [
    {
     "data": {
      "text/html": [
       "<div>\n",
       "<style scoped>\n",
       "    .dataframe tbody tr th:only-of-type {\n",
       "        vertical-align: middle;\n",
       "    }\n",
       "\n",
       "    .dataframe tbody tr th {\n",
       "        vertical-align: top;\n",
       "    }\n",
       "\n",
       "    .dataframe thead th {\n",
       "        text-align: right;\n",
       "    }\n",
       "</style>\n",
       "<table border=\"1\" class=\"dataframe\">\n",
       "  <thead>\n",
       "    <tr style=\"text-align: right;\">\n",
       "      <th></th>\n",
       "      <th>0</th>\n",
       "      <th>rating</th>\n",
       "      <th>timestamp</th>\n",
       "    </tr>\n",
       "    <tr>\n",
       "      <th>movieId</th>\n",
       "      <th></th>\n",
       "      <th></th>\n",
       "      <th></th>\n",
       "    </tr>\n",
       "  </thead>\n",
       "  <tbody>\n",
       "    <tr>\n",
       "      <th>233</th>\n",
       "      <td>0.000000</td>\n",
       "      <td>3.523721</td>\n",
       "      <td>9.385205e+08</td>\n",
       "    </tr>\n",
       "    <tr>\n",
       "      <th>8959</th>\n",
       "      <td>11.126193</td>\n",
       "      <td>2.948936</td>\n",
       "      <td>1.184717e+09</td>\n",
       "    </tr>\n",
       "    <tr>\n",
       "      <th>3795</th>\n",
       "      <td>11.407366</td>\n",
       "      <td>3.492366</td>\n",
       "      <td>1.036212e+09</td>\n",
       "    </tr>\n",
       "    <tr>\n",
       "      <th>6641</th>\n",
       "      <td>11.576635</td>\n",
       "      <td>3.450382</td>\n",
       "      <td>1.189404e+09</td>\n",
       "    </tr>\n",
       "    <tr>\n",
       "      <th>7442</th>\n",
       "      <td>11.752764</td>\n",
       "      <td>3.148241</td>\n",
       "      <td>1.178144e+09</td>\n",
       "    </tr>\n",
       "    <tr>\n",
       "      <th>1186</th>\n",
       "      <td>12.000958</td>\n",
       "      <td>3.543316</td>\n",
       "      <td>1.058691e+09</td>\n",
       "    </tr>\n",
       "    <tr>\n",
       "      <th>3221</th>\n",
       "      <td>12.363858</td>\n",
       "      <td>3.629073</td>\n",
       "      <td>1.095956e+09</td>\n",
       "    </tr>\n",
       "    <tr>\n",
       "      <th>68324</th>\n",
       "      <td>12.374660</td>\n",
       "      <td>2.777778</td>\n",
       "      <td>1.284518e+09</td>\n",
       "    </tr>\n",
       "    <tr>\n",
       "      <th>4273</th>\n",
       "      <td>12.423825</td>\n",
       "      <td>3.594286</td>\n",
       "      <td>1.081489e+09</td>\n",
       "    </tr>\n",
       "    <tr>\n",
       "      <th>1733</th>\n",
       "      <td>12.552046</td>\n",
       "      <td>3.268182</td>\n",
       "      <td>9.814077e+08</td>\n",
       "    </tr>\n",
       "    <tr>\n",
       "      <th>89480</th>\n",
       "      <td>12.643537</td>\n",
       "      <td>2.808081</td>\n",
       "      <td>1.358423e+09</td>\n",
       "    </tr>\n",
       "    <tr>\n",
       "      <th>702</th>\n",
       "      <td>12.807198</td>\n",
       "      <td>3.754717</td>\n",
       "      <td>1.031173e+09</td>\n",
       "    </tr>\n",
       "    <tr>\n",
       "      <th>496</th>\n",
       "      <td>12.969415</td>\n",
       "      <td>3.289346</td>\n",
       "      <td>9.333231e+08</td>\n",
       "    </tr>\n",
       "    <tr>\n",
       "      <th>4716</th>\n",
       "      <td>13.026233</td>\n",
       "      <td>3.301136</td>\n",
       "      <td>1.145848e+09</td>\n",
       "    </tr>\n",
       "    <tr>\n",
       "      <th>7008</th>\n",
       "      <td>13.115660</td>\n",
       "      <td>3.465159</td>\n",
       "      <td>1.175363e+09</td>\n",
       "    </tr>\n",
       "    <tr>\n",
       "      <th>1483</th>\n",
       "      <td>13.311678</td>\n",
       "      <td>3.056039</td>\n",
       "      <td>1.069718e+09</td>\n",
       "    </tr>\n",
       "    <tr>\n",
       "      <th>148</th>\n",
       "      <td>13.394134</td>\n",
       "      <td>2.889356</td>\n",
       "      <td>9.216057e+08</td>\n",
       "    </tr>\n",
       "    <tr>\n",
       "      <th>4872</th>\n",
       "      <td>13.410043</td>\n",
       "      <td>3.164804</td>\n",
       "      <td>1.121572e+09</td>\n",
       "    </tr>\n",
       "    <tr>\n",
       "      <th>6293</th>\n",
       "      <td>13.587346</td>\n",
       "      <td>2.905941</td>\n",
       "      <td>1.127773e+09</td>\n",
       "    </tr>\n",
       "    <tr>\n",
       "      <th>6341</th>\n",
       "      <td>13.626698</td>\n",
       "      <td>3.430730</td>\n",
       "      <td>1.148867e+09</td>\n",
       "    </tr>\n",
       "  </tbody>\n",
       "</table>\n",
       "</div>"
      ],
      "text/plain": [
       "                 0    rating     timestamp\n",
       "movieId                                   \n",
       "233       0.000000  3.523721  9.385205e+08\n",
       "8959     11.126193  2.948936  1.184717e+09\n",
       "3795     11.407366  3.492366  1.036212e+09\n",
       "6641     11.576635  3.450382  1.189404e+09\n",
       "7442     11.752764  3.148241  1.178144e+09\n",
       "1186     12.000958  3.543316  1.058691e+09\n",
       "3221     12.363858  3.629073  1.095956e+09\n",
       "68324    12.374660  2.777778  1.284518e+09\n",
       "4273     12.423825  3.594286  1.081489e+09\n",
       "1733     12.552046  3.268182  9.814077e+08\n",
       "89480    12.643537  2.808081  1.358423e+09\n",
       "702      12.807198  3.754717  1.031173e+09\n",
       "496      12.969415  3.289346  9.333231e+08\n",
       "4716     13.026233  3.301136  1.145848e+09\n",
       "7008     13.115660  3.465159  1.175363e+09\n",
       "1483     13.311678  3.056039  1.069718e+09\n",
       "148      13.394134  2.889356  9.216057e+08\n",
       "4872     13.410043  3.164804  1.121572e+09\n",
       "6293     13.587346  2.905941  1.127773e+09\n",
       "6341     13.626698  3.430730  1.148867e+09"
      ]
     },
     "execution_count": 38,
     "metadata": {},
     "output_type": "execute_result"
    }
   ],
   "source": [
    "final_merge"
   ]
  },
  {
   "cell_type": "code",
   "execution_count": 44,
   "metadata": {},
   "outputs": [
    {
     "data": {
      "text/html": [
       "<div>\n",
       "<style scoped>\n",
       "    .dataframe tbody tr th:only-of-type {\n",
       "        vertical-align: middle;\n",
       "    }\n",
       "\n",
       "    .dataframe tbody tr th {\n",
       "        vertical-align: top;\n",
       "    }\n",
       "\n",
       "    .dataframe thead th {\n",
       "        text-align: right;\n",
       "    }\n",
       "</style>\n",
       "<table border=\"1\" class=\"dataframe\">\n",
       "  <thead>\n",
       "    <tr style=\"text-align: right;\">\n",
       "      <th></th>\n",
       "      <th>0</th>\n",
       "      <th>rating</th>\n",
       "      <th>timestamp</th>\n",
       "    </tr>\n",
       "    <tr>\n",
       "      <th>movieId</th>\n",
       "      <th></th>\n",
       "      <th></th>\n",
       "      <th></th>\n",
       "    </tr>\n",
       "  </thead>\n",
       "  <tbody>\n",
       "    <tr>\n",
       "      <th>702</th>\n",
       "      <td>12.807198</td>\n",
       "      <td>3.754717</td>\n",
       "      <td>1.031173e+09</td>\n",
       "    </tr>\n",
       "    <tr>\n",
       "      <th>3221</th>\n",
       "      <td>12.363858</td>\n",
       "      <td>3.629073</td>\n",
       "      <td>1.095956e+09</td>\n",
       "    </tr>\n",
       "    <tr>\n",
       "      <th>4273</th>\n",
       "      <td>12.423825</td>\n",
       "      <td>3.594286</td>\n",
       "      <td>1.081489e+09</td>\n",
       "    </tr>\n",
       "    <tr>\n",
       "      <th>1186</th>\n",
       "      <td>12.000958</td>\n",
       "      <td>3.543316</td>\n",
       "      <td>1.058691e+09</td>\n",
       "    </tr>\n",
       "    <tr>\n",
       "      <th>233</th>\n",
       "      <td>0.000000</td>\n",
       "      <td>3.523721</td>\n",
       "      <td>9.385205e+08</td>\n",
       "    </tr>\n",
       "    <tr>\n",
       "      <th>3795</th>\n",
       "      <td>11.407366</td>\n",
       "      <td>3.492366</td>\n",
       "      <td>1.036212e+09</td>\n",
       "    </tr>\n",
       "    <tr>\n",
       "      <th>7008</th>\n",
       "      <td>13.115660</td>\n",
       "      <td>3.465159</td>\n",
       "      <td>1.175363e+09</td>\n",
       "    </tr>\n",
       "    <tr>\n",
       "      <th>6641</th>\n",
       "      <td>11.576635</td>\n",
       "      <td>3.450382</td>\n",
       "      <td>1.189404e+09</td>\n",
       "    </tr>\n",
       "    <tr>\n",
       "      <th>6341</th>\n",
       "      <td>13.626698</td>\n",
       "      <td>3.430730</td>\n",
       "      <td>1.148867e+09</td>\n",
       "    </tr>\n",
       "    <tr>\n",
       "      <th>4716</th>\n",
       "      <td>13.026233</td>\n",
       "      <td>3.301136</td>\n",
       "      <td>1.145848e+09</td>\n",
       "    </tr>\n",
       "    <tr>\n",
       "      <th>496</th>\n",
       "      <td>12.969415</td>\n",
       "      <td>3.289346</td>\n",
       "      <td>9.333231e+08</td>\n",
       "    </tr>\n",
       "    <tr>\n",
       "      <th>1733</th>\n",
       "      <td>12.552046</td>\n",
       "      <td>3.268182</td>\n",
       "      <td>9.814077e+08</td>\n",
       "    </tr>\n",
       "    <tr>\n",
       "      <th>4872</th>\n",
       "      <td>13.410043</td>\n",
       "      <td>3.164804</td>\n",
       "      <td>1.121572e+09</td>\n",
       "    </tr>\n",
       "    <tr>\n",
       "      <th>7442</th>\n",
       "      <td>11.752764</td>\n",
       "      <td>3.148241</td>\n",
       "      <td>1.178144e+09</td>\n",
       "    </tr>\n",
       "    <tr>\n",
       "      <th>1483</th>\n",
       "      <td>13.311678</td>\n",
       "      <td>3.056039</td>\n",
       "      <td>1.069718e+09</td>\n",
       "    </tr>\n",
       "    <tr>\n",
       "      <th>8959</th>\n",
       "      <td>11.126193</td>\n",
       "      <td>2.948936</td>\n",
       "      <td>1.184717e+09</td>\n",
       "    </tr>\n",
       "    <tr>\n",
       "      <th>6293</th>\n",
       "      <td>13.587346</td>\n",
       "      <td>2.905941</td>\n",
       "      <td>1.127773e+09</td>\n",
       "    </tr>\n",
       "    <tr>\n",
       "      <th>148</th>\n",
       "      <td>13.394134</td>\n",
       "      <td>2.889356</td>\n",
       "      <td>9.216057e+08</td>\n",
       "    </tr>\n",
       "    <tr>\n",
       "      <th>89480</th>\n",
       "      <td>12.643537</td>\n",
       "      <td>2.808081</td>\n",
       "      <td>1.358423e+09</td>\n",
       "    </tr>\n",
       "    <tr>\n",
       "      <th>68324</th>\n",
       "      <td>12.374660</td>\n",
       "      <td>2.777778</td>\n",
       "      <td>1.284518e+09</td>\n",
       "    </tr>\n",
       "  </tbody>\n",
       "</table>\n",
       "</div>"
      ],
      "text/plain": [
       "                 0    rating     timestamp\n",
       "movieId                                   \n",
       "702      12.807198  3.754717  1.031173e+09\n",
       "3221     12.363858  3.629073  1.095956e+09\n",
       "4273     12.423825  3.594286  1.081489e+09\n",
       "1186     12.000958  3.543316  1.058691e+09\n",
       "233       0.000000  3.523721  9.385205e+08\n",
       "3795     11.407366  3.492366  1.036212e+09\n",
       "7008     13.115660  3.465159  1.175363e+09\n",
       "6641     11.576635  3.450382  1.189404e+09\n",
       "6341     13.626698  3.430730  1.148867e+09\n",
       "4716     13.026233  3.301136  1.145848e+09\n",
       "496      12.969415  3.289346  9.333231e+08\n",
       "1733     12.552046  3.268182  9.814077e+08\n",
       "4872     13.410043  3.164804  1.121572e+09\n",
       "7442     11.752764  3.148241  1.178144e+09\n",
       "1483     13.311678  3.056039  1.069718e+09\n",
       "8959     11.126193  2.948936  1.184717e+09\n",
       "6293     13.587346  2.905941  1.127773e+09\n",
       "148      13.394134  2.889356  9.216057e+08\n",
       "89480    12.643537  2.808081  1.358423e+09\n",
       "68324    12.374660  2.777778  1.284518e+09"
      ]
     },
     "execution_count": 44,
     "metadata": {},
     "output_type": "execute_result"
    }
   ],
   "source": [
    "final_merge.sort_values(['rating'], ascending=False)"
   ]
  },
  {
   "cell_type": "code",
   "execution_count": 46,
   "metadata": {},
   "outputs": [
    {
     "data": {
      "text/html": [
       "<div>\n",
       "<style scoped>\n",
       "    .dataframe tbody tr th:only-of-type {\n",
       "        vertical-align: middle;\n",
       "    }\n",
       "\n",
       "    .dataframe tbody tr th {\n",
       "        vertical-align: top;\n",
       "    }\n",
       "\n",
       "    .dataframe thead th {\n",
       "        text-align: right;\n",
       "    }\n",
       "</style>\n",
       "<table border=\"1\" class=\"dataframe\">\n",
       "  <thead>\n",
       "    <tr style=\"text-align: right;\">\n",
       "      <th></th>\n",
       "      <th>0</th>\n",
       "      <th>rating</th>\n",
       "      <th>timestamp</th>\n",
       "    </tr>\n",
       "    <tr>\n",
       "      <th>movieId</th>\n",
       "      <th></th>\n",
       "      <th></th>\n",
       "      <th></th>\n",
       "    </tr>\n",
       "  </thead>\n",
       "  <tbody>\n",
       "    <tr>\n",
       "      <th>233</th>\n",
       "      <td>0.000000</td>\n",
       "      <td>3.523721</td>\n",
       "      <td>9.385205e+08</td>\n",
       "    </tr>\n",
       "    <tr>\n",
       "      <th>8959</th>\n",
       "      <td>11.126193</td>\n",
       "      <td>2.948936</td>\n",
       "      <td>1.184717e+09</td>\n",
       "    </tr>\n",
       "    <tr>\n",
       "      <th>3795</th>\n",
       "      <td>11.407366</td>\n",
       "      <td>3.492366</td>\n",
       "      <td>1.036212e+09</td>\n",
       "    </tr>\n",
       "    <tr>\n",
       "      <th>6641</th>\n",
       "      <td>11.576635</td>\n",
       "      <td>3.450382</td>\n",
       "      <td>1.189404e+09</td>\n",
       "    </tr>\n",
       "    <tr>\n",
       "      <th>7442</th>\n",
       "      <td>11.752764</td>\n",
       "      <td>3.148241</td>\n",
       "      <td>1.178144e+09</td>\n",
       "    </tr>\n",
       "    <tr>\n",
       "      <th>1186</th>\n",
       "      <td>12.000958</td>\n",
       "      <td>3.543316</td>\n",
       "      <td>1.058691e+09</td>\n",
       "    </tr>\n",
       "    <tr>\n",
       "      <th>3221</th>\n",
       "      <td>12.363858</td>\n",
       "      <td>3.629073</td>\n",
       "      <td>1.095956e+09</td>\n",
       "    </tr>\n",
       "    <tr>\n",
       "      <th>68324</th>\n",
       "      <td>12.374660</td>\n",
       "      <td>2.777778</td>\n",
       "      <td>1.284518e+09</td>\n",
       "    </tr>\n",
       "    <tr>\n",
       "      <th>4273</th>\n",
       "      <td>12.423825</td>\n",
       "      <td>3.594286</td>\n",
       "      <td>1.081489e+09</td>\n",
       "    </tr>\n",
       "    <tr>\n",
       "      <th>1733</th>\n",
       "      <td>12.552046</td>\n",
       "      <td>3.268182</td>\n",
       "      <td>9.814077e+08</td>\n",
       "    </tr>\n",
       "    <tr>\n",
       "      <th>89480</th>\n",
       "      <td>12.643537</td>\n",
       "      <td>2.808081</td>\n",
       "      <td>1.358423e+09</td>\n",
       "    </tr>\n",
       "    <tr>\n",
       "      <th>702</th>\n",
       "      <td>12.807198</td>\n",
       "      <td>3.754717</td>\n",
       "      <td>1.031173e+09</td>\n",
       "    </tr>\n",
       "    <tr>\n",
       "      <th>496</th>\n",
       "      <td>12.969415</td>\n",
       "      <td>3.289346</td>\n",
       "      <td>9.333231e+08</td>\n",
       "    </tr>\n",
       "    <tr>\n",
       "      <th>4716</th>\n",
       "      <td>13.026233</td>\n",
       "      <td>3.301136</td>\n",
       "      <td>1.145848e+09</td>\n",
       "    </tr>\n",
       "    <tr>\n",
       "      <th>7008</th>\n",
       "      <td>13.115660</td>\n",
       "      <td>3.465159</td>\n",
       "      <td>1.175363e+09</td>\n",
       "    </tr>\n",
       "    <tr>\n",
       "      <th>1483</th>\n",
       "      <td>13.311678</td>\n",
       "      <td>3.056039</td>\n",
       "      <td>1.069718e+09</td>\n",
       "    </tr>\n",
       "    <tr>\n",
       "      <th>148</th>\n",
       "      <td>13.394134</td>\n",
       "      <td>2.889356</td>\n",
       "      <td>9.216057e+08</td>\n",
       "    </tr>\n",
       "    <tr>\n",
       "      <th>4872</th>\n",
       "      <td>13.410043</td>\n",
       "      <td>3.164804</td>\n",
       "      <td>1.121572e+09</td>\n",
       "    </tr>\n",
       "    <tr>\n",
       "      <th>6293</th>\n",
       "      <td>13.587346</td>\n",
       "      <td>2.905941</td>\n",
       "      <td>1.127773e+09</td>\n",
       "    </tr>\n",
       "    <tr>\n",
       "      <th>6341</th>\n",
       "      <td>13.626698</td>\n",
       "      <td>3.430730</td>\n",
       "      <td>1.148867e+09</td>\n",
       "    </tr>\n",
       "  </tbody>\n",
       "</table>\n",
       "</div>"
      ],
      "text/plain": [
       "                 0    rating     timestamp\n",
       "movieId                                   \n",
       "233       0.000000  3.523721  9.385205e+08\n",
       "8959     11.126193  2.948936  1.184717e+09\n",
       "3795     11.407366  3.492366  1.036212e+09\n",
       "6641     11.576635  3.450382  1.189404e+09\n",
       "7442     11.752764  3.148241  1.178144e+09\n",
       "1186     12.000958  3.543316  1.058691e+09\n",
       "3221     12.363858  3.629073  1.095956e+09\n",
       "68324    12.374660  2.777778  1.284518e+09\n",
       "4273     12.423825  3.594286  1.081489e+09\n",
       "1733     12.552046  3.268182  9.814077e+08\n",
       "89480    12.643537  2.808081  1.358423e+09\n",
       "702      12.807198  3.754717  1.031173e+09\n",
       "496      12.969415  3.289346  9.333231e+08\n",
       "4716     13.026233  3.301136  1.145848e+09\n",
       "7008     13.115660  3.465159  1.175363e+09\n",
       "1483     13.311678  3.056039  1.069718e+09\n",
       "148      13.394134  2.889356  9.216057e+08\n",
       "4872     13.410043  3.164804  1.121572e+09\n",
       "6293     13.587346  2.905941  1.127773e+09\n",
       "6341     13.626698  3.430730  1.148867e+09"
      ]
     },
     "execution_count": 46,
     "metadata": {},
     "output_type": "execute_result"
    }
   ],
   "source": [
    "final_merge"
   ]
  },
  {
   "cell_type": "code",
   "execution_count": null,
   "metadata": {},
   "outputs": [],
   "source": []
  }
 ],
 "metadata": {
  "kernelspec": {
   "display_name": "Python 3",
   "language": "python",
   "name": "python3"
  },
  "language_info": {
   "codemirror_mode": {
    "name": "ipython",
    "version": 3
   },
   "file_extension": ".py",
   "mimetype": "text/x-python",
   "name": "python",
   "nbconvert_exporter": "python",
   "pygments_lexer": "ipython3",
   "version": "3.6.0"
  }
 },
 "nbformat": 4,
 "nbformat_minor": 2
}
